0	0
1	0
2	0
3	0
4	0
5	76
6	609
7	361
8	91
9	14
10	1
11	0
12	0
13	0
14	0
15	0
16	0
17	0
18	0
19	0
20	0
21	0
22	0
23	0
24	0
25	0
26	0
27	0
28	0
29	0
30	0
31	0
32	0
33	0
34	0
35	0
36	0
37	0
38	0
39	0
40	0
41	0
42	0
43	0
44	0
45	0
46	0
47	0
48	0
49	0
50	0
51	0
52	0
53	0
54	0
55	0
56	0
57	0
58	0
59	0
60	0
61	0
62	0
63	0
64	0
65	0
66	0
67	0
68	0
69	0
70	0
71	0
72	0
73	0
74	0
75	0
76	0
77	0
78	0
79	0
80	0
81	0
82	0
83	0
84	0
85	0
86	0
87	0
88	0
89	0
90	0
91	0
92	0
93	0
94	0
95	0
96	0
97	0
98	0
99	0
100	0
101	0
102	0
103	0
104	0
105	0
106	0
107	0
108	0
109	0
110	0
111	0
112	0
113	0
114	0
115	1
116	2
117	0
118	1
119	1
120	1
121	1
122	2
123	0
124	0
125	0
126	1
127	0
128	0
129	0
130	0
131	1
132	2
133	2
134	2
135	3
136	4
137	1
138	0
139	1
140	3
141	1
142	2
143	1
144	0
145	2
146	1
147	3
148	5
149	3
150	2
151	2
152	4
153	3
154	1
155	1
156	1
157	3
158	1
159	4
160	2
161	5
162	3
163	3
164	5
165	4
166	4
167	4
168	6
169	3
170	10
171	5
172	5
173	6
174	6
175	6
176	10
177	5
178	10
179	5
180	11
181	4
182	10
183	6
184	5
185	11
186	11
187	10
188	14
189	8
190	8
191	8
192	11
193	9
194	15
195	11
196	12
197	15
198	18
199	14
200	17
201	16
202	19
203	15
204	23
205	15
206	16
207	24
208	13
209	10
210	19
211	17
212	17
213	30
214	19
215	20
216	26
217	29
218	29
219	26
220	29
221	27
222	35
223	30
224	30
225	32
226	35
227	25
228	33
229	29
230	38
231	28
232	37
233	34
234	43
235	31
236	32
237	43
238	46
239	38
240	40
241	47
242	46
243	35
244	29
245	45
246	28
247	39
248	56
249	43
250	48
251	39
252	37
253	45
254	49
255	50
256	53
257	46
258	53
259	53
260	45
261	37
262	47
263	49
264	34
265	54
266	48
267	49
268	45
269	54
270	41
271	53
272	33
273	55
274	57
275	54
276	45
277	49
278	32
279	44
280	59
281	36
282	55
283	53
284	59
285	48
286	52
287	62
288	47
289	51
290	59
291	45
292	56
293	64
294	59
295	44
296	54
297	53
298	46
299	52
300	53
301	62
302	50
303	52
304	50
305	61
306	41
307	46
308	71
309	53
310	51
311	52
312	56
313	48
314	49
315	53
316	63
317	55
318	51
319	59
320	56
321	39
322	48
323	52
324	49
325	39
326	53
327	45
328	38
329	54
330	33
331	62
332	57
333	39
334	62
335	52
336	44
337	50
338	51
339	52
340	39
341	53
342	40
343	56
344	56
345	52
346	51
347	53
348	52
349	50
350	42
351	46
352	45
353	38
354	51
355	48
356	53
357	37
358	39
359	42
360	47
361	45
362	44
363	43
364	39
365	54
366	36
367	29
368	44
369	44
370	29
371	34
372	51
373	33
374	35
375	37
376	28
377	37
378	34
379	37
380	34
381	27
382	33
383	33
384	34
385	28
386	35
387	32
388	44
389	35
390	46
391	32
392	38
393	34
394	33
395	45
396	38
397	26
398	43
399	40
400	37
401	29
402	36
403	31
404	28
405	47
406	26
407	41
408	36
409	21
410	28
411	25
412	17
413	33
414	23
415	22
416	34
417	36
418	29
419	35
420	26
421	31
422	23
423	20
424	32
425	27
426	27
427	31
428	24
429	21
430	23
431	22
432	29
433	25
434	27
435	26
436	22
437	23
438	28
439	21
440	31
441	23
442	17
443	20
444	19
445	17
446	15
447	23
448	21
449	19
450	17
451	25
452	21
453	14
454	18
455	25
456	10
457	17
458	17
459	23
460	16
461	19
462	18
463	24
464	25
465	20
466	18
467	19
468	22
469	24
470	17
471	17
472	21
473	17
474	20
475	14
476	19
477	26
478	20
479	21
480	15
481	13
482	20
483	26
484	17
485	21
486	15
487	17
488	19
489	9
490	24
491	19
492	13
493	21
494	16
495	12
496	20
497	25
498	18
499	18
500	23
501	15
502	11
503	23
504	21
505	11
506	24
507	14
508	8
509	18
510	8
511	14
512	15
513	11
514	13
515	14
516	22
517	16
518	17
519	21
520	23
521	20
522	15
523	19
524	11
525	16
526	12
527	12
528	14
529	8
530	14
531	13
532	16
533	11
534	13
535	15
536	18
537	11
538	20
539	11
540	20
541	10
542	10
543	7
544	18
545	9
546	14
547	18
548	19
549	13
550	9
551	13
552	12
553	15
554	10
555	16
556	17
557	15
558	15
559	19
560	9
561	12
562	10
563	18
564	15
565	15
566	16
567	10
568	22
569	13
570	14
571	12
572	15
573	9
574	10
575	13
576	16
577	16
578	11
579	12
580	14
581	12
582	20
583	18
584	6
585	10
586	10
587	20
588	10
589	7
590	13
591	14
592	13
593	16
594	12
595	12
596	15
597	10
598	10
599	5
600	11
601	4
602	10
603	15
604	15
605	12
606	15
607	11
608	17
609	14
610	7
611	10
612	8
613	16
614	5
615	11
616	8
617	10
618	9
619	9
620	10
621	6
622	6
623	5
624	14
625	7
626	8
627	10
628	3
629	1
630	7
631	9
632	9
633	8
634	12
635	8
636	8
637	5
638	12
639	7
640	8
641	7
642	8
643	6
644	7
645	4
646	5
647	4
648	7
649	5
650	4
651	3
652	4
653	3
654	7
655	3
656	3
657	6
658	4
659	4
660	5
661	5
662	1
663	4
664	3
665	5
666	1
667	2
668	4
669	2
670	3
671	6
672	1
673	4
674	3
675	4
676	2
677	7
678	2
679	3
680	4
681	4
682	3
683	2
684	4
685	2
686	4
687	1
688	3
689	2
690	0
691	0
692	5
693	2
694	1
695	5
696	0
697	3
698	3
699	2
700	3
701	4
702	1
703	2
704	1
705	5
706	0
707	0
708	1
709	1
710	0
711	3
712	0
713	2
714	1
715	0
716	0
717	2
718	11
719	3
720	11
721	4
722	4
723	6
724	4
725	1
726	3
727	4
728	1
729	3
730	0
731	1
732	0
733	1
734	1
735	2
736	1
737	1
738	1
739	1
740	2
741	5
742	2
743	0
744	0
745	0
746	0
747	0
748	0
749	0
750	0
751	0
752	0
753	0
754	0
755	0
756	0
757	0
758	0
759	0
760	0
761	0
762	0
763	0
764	0
765	0
766	0
767	0
768	0
769	0
770	0
771	0
772	0
773	0
774	0
775	0
776	0
777	0
778	0
779	0
780	0
781	0
782	0
783	0
784	0
785	0
786	0
787	0
788	0
789	0
790	0
791	0
792	0
793	0
794	0
795	0
796	0
797	0
798	0
799	0
800	0
801	0
802	0
803	0
804	0
805	0
806	0
807	0
808	0
809	0
810	0
811	0
812	0
813	0
814	0
815	0
816	0
817	0
818	0
819	0
820	0
821	0
822	0
823	0
824	0
825	0
826	0
827	0
828	0
829	0
830	0
831	0
832	0
833	0
834	0
835	0
836	0
837	0
838	0
839	0
840	0
841	0
842	0
843	0
844	0
845	0
846	0
847	0
848	0
849	0
850	0
851	0
852	0
853	0
854	0
855	0
856	0
857	0
858	0
859	0
860	0
861	0
862	0
863	0
864	0
865	0
866	0
867	0
868	0
869	0
870	0
871	0
872	0
873	0
874	0
875	0
876	0
877	0
878	0
879	0
880	0
881	0
882	0
883	0
884	0
885	0
886	0
887	0
888	0
889	0
890	0
891	0
892	0
893	0
894	0
895	0
896	0
897	0
898	0
899	0
900	0
901	0
902	0
903	0
904	0
905	0
906	0
907	0
908	0
909	0
910	0
911	0
912	0
913	0
914	0
915	0
916	0
917	0
918	0
919	0
920	0
921	0
922	0
923	0
924	0
925	0
926	0
927	0
928	0
929	0
930	0
931	0
932	0
933	0
934	0
935	0
936	0
937	0
938	0
939	0
940	0
941	0
942	0
943	0
944	0
945	0
946	0
947	0
948	0
949	0
950	0
951	0
952	0
953	0
954	0
955	0
956	0
957	0
958	0
959	0
960	0
961	0
962	0
963	0
964	0
965	0
966	0
967	0
968	0
969	0
970	0
971	0
972	0
973	0
974	0
975	0
976	0
977	0
978	0
979	0
980	0
981	0
982	0
983	0
984	0
985	0
986	0
987	0
988	0
989	0
990	0
991	0
992	0
993	0
994	0
995	0
996	0
997	0
998	0
999	0
1000	0
1001	0
1002	0
1003	0
1004	0
1005	0
1006	0
1007	0
1008	0
1009	0
1010	0
1011	0
1012	0
1013	0
1014	0
1015	0
1016	0
1017	0
1018	0
1019	0
1020	0
1021	0
1022	0
1023	0
